2.500000000000000000e-01 5.000000000000000000e-01 2.060963294243729459e-05
7.500000000000000000e-01 5.000000000000000000e-01 1.030481647121864696e-04
1.250000000000000000e+00 5.000000000000000000e-01 1.442674305970610791e-04
1.750000000000000000e+00 5.000000000000000000e-01 2.267059623668102439e-04
2.250000000000000000e+00 5.000000000000000000e-01 3.915830259063086006e-04
2.750000000000000000e+00 5.000000000000000000e-01 3.503637600214340453e-04
3.250000000000000000e+00 5.000000000000000000e-01 3.297541270789967134e-04
3.750000000000000000e+00 5.000000000000000000e-01 7.625564188701799235e-04
4.250000000000000000e+00 5.000000000000000000e-01 4.946311906184950972e-04
4.750000000000000000e+00 5.000000000000000000e-01 7.625564188701799235e-04
5.250000000000000000e+00 5.000000000000000000e-01 9.686527482945529169e-04
5.750000000000000000e+00 5.000000000000000000e-01 7.831660518126172012e-04
6.250000000000000000e+00 5.000000000000000000e-01 1.071700913006739305e-03
6.750000000000000000e+00 5.000000000000000000e-01 1.154139444776488633e-03
7.250000000000000000e+00 5.000000000000000000e-01 1.257187609488674912e-03
7.750000000000000000e+00 5.000000000000000000e-01 1.442674305970610736e-03
8.250000000000000000e+00 5.000000000000000000e-01 1.504503204797922461e-03
8.750000000000000000e+00 5.000000000000000000e-01 1.442674305970610736e-03
9.250000000000000000e+00 5.000000000000000000e-01 1.772428433049607396e-03
9.750000000000000000e+00 5.000000000000000000e-01 1.978524762473980389e-03
1.025000000000000000e+01 5.000000000000000000e-01 2.308278889552977265e-03
1.075000000000000000e+01 5.000000000000000000e-01 2.493765586034912655e-03
1.125000000000000000e+01 5.000000000000000000e-01 2.596813750747099369e-03
1.175000000000000000e+01 5.000000000000000000e-01 2.638033016631973707e-03
1.225000000000000000e+01 5.000000000000000000e-01 3.256322004905092687e-03
1.275000000000000000e+01 5.000000000000000000e-01 3.462418334329465681e-03
1.325000000000000000e+01 5.000000000000000000e-01 3.565466499041651961e-03
1.375000000000000000e+01 5.000000000000000000e-01 4.389851816739143500e-03
1.425000000000000000e+01 5.000000000000000000e-01 3.483027967271902850e-03
1.475000000000000000e+01 5.000000000000000000e-01 3.812782094350899726e-03
1.525000000000000000e+01 5.000000000000000000e-01 4.121926588487458999e-03
1.575000000000000000e+01 5.000000000000000000e-01 4.389851816739143500e-03
1.625000000000000000e+01 5.000000000000000000e-01 5.234846767379073076e-03
1.675000000000000000e+01 5.000000000000000000e-01 4.987531172069825311e-03
1.725000000000000000e+01 5.000000000000000000e-01 5.853135755652191623e-03
1.775000000000000000e+01 5.000000000000000000e-01 5.234846767379073076e-03
1.825000000000000000e+01 5.000000000000000000e-01 5.543991261515632783e-03
1.875000000000000000e+01 5.000000000000000000e-01 5.935574287421941167e-03
1.925000000000000000e+01 5.000000000000000000e-01 6.285938047443375212e-03
1.975000000000000000e+01 5.000000000000000000e-01 6.739349972176995537e-03
2.025000000000000000e+01 5.000000000000000000e-01 6.141670616846313727e-03
2.075000000000000000e+01 5.000000000000000000e-01 7.130932998083303921e-03
2.125000000000000000e+01 5.000000000000000000e-01 6.780569238061869876e-03
2.175000000000000000e+01 5.000000000000000000e-01 7.254590795737927804e-03
2.225000000000000000e+01 5.000000000000000000e-01 7.275200428680365407e-03
2.275000000000000000e+01 5.000000000000000000e-01 7.893489416953483953e-03
2.325000000000000000e+01 5.000000000000000000e-01 8.264462809917355601e-03
2.375000000000000000e+01 5.000000000000000000e-01 8.078976113435418910e-03
2.425000000000000000e+01 5.000000000000000000e-01 8.532388038169040970e-03
2.475000000000000000e+01 5.000000000000000000e-01 8.511778405226603367e-03
2.525000000000000000e+01 5.000000000000000000e-01 9.480431153521155091e-03
2.575000000000000000e+01 5.000000000000000000e-01 8.779703633478287000e-03
2.625000000000000000e+01 5.000000000000000000e-01 9.665917850003091782e-03
2.675000000000000000e+01 5.000000000000000000e-01 9.150677026442158649e-03
2.725000000000000000e+01 5.000000000000000000e-01 1.018115867356402318e-02
2.775000000000000000e+01 5.000000000000000000e-01 1.044908390181570855e-02
2.825000000000000000e+01 5.000000000000000000e-01 1.110859215597370143e-02
2.875000000000000000e+01 5.000000000000000000e-01 1.164444261247707217e-02
2.925000000000000000e+01 5.000000000000000000e-01 1.185053894190144473e-02
2.975000000000000000e+01 5.000000000000000000e-01 1.152078481482244829e-02
3.025000000000000000e+01 5.000000000000000000e-01 1.127346921951320052e-02
3.075000000000000000e+01 5.000000000000000000e-01 1.182992930895900713e-02
3.125000000000000000e+01 5.000000000000000000e-01 1.277797242431112298e-02
3.175000000000000000e+01 5.000000000000000000e-01 1.333443251375692959e-02
3.225000000000000000e+01 5.000000000000000000e-01 1.283980132313843406e-02
3.275000000000000000e+01 5.000000000000000000e-01 1.372601553966323884e-02
3.325000000000000000e+01 5.000000000000000000e-01 1.360235774200861496e-02
3.375000000000000000e+01 5.000000000000000000e-01 1.374662517260567644e-02
3.425000000000000000e+01 5.000000000000000000e-01 1.335504214669936719e-02
3.475000000000000000e+01 5.000000000000000000e-01 1.463283938913047949e-02
3.525000000000000000e+01 5.000000000000000000e-01 1.446796232559098040e-02
3.575000000000000000e+01 5.000000000000000000e-01 1.467405865501535470e-02
3.625000000000000000e+01 5.000000000000000000e-01 1.556027287154015774e-02
3.675000000000000000e+01 5.000000000000000000e-01 1.407637929968467289e-02
3.725000000000000000e+01 5.000000000000000000e-01 1.481832608561241445e-02
3.775000000000000000e+01 5.000000000000000000e-01 1.549844397271284667e-02
3.825000000000000000e+01 5.000000000000000000e-01 1.457101049030316842e-02
3.875000000000000000e+01 5.000000000000000000e-01 1.582819809979184311e-02
3.925000000000000000e+01 5.000000000000000000e-01 1.556027287154015774e-02
3.975000000000000000e+01 5.000000000000000000e-01 1.560149213742503295e-02
4.025000000000000000e+01 5.000000000000000000e-01 1.731209167164732624e-02
4.075000000000000000e+01 5.000000000000000000e-01 1.642587745512252492e-02
4.125000000000000000e+01 5.000000000000000000e-01 1.729148203870489037e-02
4.175000000000000000e+01 5.000000000000000000e-01 1.685867974691370591e-02
4.225000000000000000e+01 5.000000000000000000e-01 1.673502194925908376e-02
4.275000000000000000e+01 5.000000000000000000e-01 1.716782424105026822e-02
4.325000000000000000e+01 5.000000000000000000e-01 1.725026277282001516e-02
4.375000000000000000e+01 5.000000000000000000e-01 1.687928937985614525e-02
4.425000000000000000e+01 5.000000000000000000e-01 1.778611322932338590e-02
4.475000000000000000e+01 5.000000000000000000e-01 1.840440221759650358e-02
4.525000000000000000e+01 5.000000000000000000e-01 1.708538570928051781e-02
4.575000000000000000e+01 5.000000000000000000e-01 1.753879763401413813e-02
4.625000000000000000e+01 5.000000000000000000e-01 1.894025267409987431e-02
4.675000000000000000e+01 5.000000000000000000e-01 1.867232744584819068e-02
4.725000000000000000e+01 5.000000000000000000e-01 1.743574946930195185e-02
4.775000000000000000e+01 5.000000000000000000e-01 1.712660497516539301e-02
4.825000000000000000e+01 5.000000000000000000e-01 1.887842377527256324e-02
4.875000000000000000e+01 5.000000000000000000e-01 1.712660497516539301e-02
4.925000000000000000e+01 5.000000000000000000e-01 1.764184579872632441e-02
4.975000000000000000e+01 5.000000000000000000e-01 1.980585725768223976e-02
5.025000000000000000e+01 5.000000000000000000e-01 1.852806001525112919e-02
5.075000000000000000e+01 5.000000000000000000e-01 1.749757836812926293e-02
5.125000000000000000e+01 5.000000000000000000e-01 1.809525772345994474e-02
5.175000000000000000e+01 5.000000000000000000e-01 1.788916139403557218e-02
5.225000000000000000e+01 5.000000000000000000e-01 1.086127656066445540e-02
5.275000000000000000e+01 5.000000000000000000e-01 0.000000000000000000e+00
5.325000000000000000e+01 5.000000000000000000e-01 0.000000000000000000e+00
5.375000000000000000e+01 5.000000000000000000e-01 0.000000000000000000e+00
5.425000000000000000e+01 5.000000000000000000e-01 0.000000000000000000e+00
5.475000000000000000e+01 5.000000000000000000e-01 0.000000000000000000e+00
5.525000000000000000e+01 5.000000000000000000e-01 0.000000000000000000e+00
5.575000000000000000e+01 5.000000000000000000e-01 0.000000000000000000e+00
5.625000000000000000e+01 5.000000000000000000e-01 0.000000000000000000e+00
5.675000000000000000e+01 5.000000000000000000e-01 0.000000000000000000e+00
5.725000000000000000e+01 5.000000000000000000e-01 0.000000000000000000e+00
5.775000000000000000e+01 5.000000000000000000e-01 0.000000000000000000e+00
5.825000000000000000e+01 5.000000000000000000e-01 0.000000000000000000e+00
5.875000000000000000e+01 5.000000000000000000e-01 0.000000000000000000e+00
5.925000000000000000e+01 5.000000000000000000e-01 0.000000000000000000e+00
5.975000000000000000e+01 5.000000000000000000e-01 0.000000000000000000e+00
6.025000000000000000e+01 5.000000000000000000e-01 0.000000000000000000e+00
6.075000000000000000e+01 5.000000000000000000e-01 0.000000000000000000e+00
6.125000000000000000e+01 5.000000000000000000e-01 0.000000000000000000e+00
6.175000000000000000e+01 5.000000000000000000e-01 0.000000000000000000e+00
6.225000000000000000e+01 5.000000000000000000e-01 0.000000000000000000e+00
6.275000000000000000e+01 5.000000000000000000e-01 0.000000000000000000e+00
6.325000000000000000e+01 5.000000000000000000e-01 0.000000000000000000e+00
6.375000000000000000e+01 5.000000000000000000e-01 0.000000000000000000e+00
6.425000000000000000e+01 5.000000000000000000e-01 0.000000000000000000e+00
6.475000000000000000e+01 5.000000000000000000e-01 0.000000000000000000e+00
6.525000000000000000e+01 5.000000000000000000e-01 0.000000000000000000e+00
6.575000000000000000e+01 5.000000000000000000e-01 0.000000000000000000e+00
6.625000000000000000e+01 5.000000000000000000e-01 0.000000000000000000e+00
6.675000000000000000e+01 5.000000000000000000e-01 0.000000000000000000e+00
6.725000000000000000e+01 5.000000000000000000e-01 0.000000000000000000e+00
6.775000000000000000e+01 5.000000000000000000e-01 0.000000000000000000e+00
6.825000000000000000e+01 5.000000000000000000e-01 0.000000000000000000e+00
6.875000000000000000e+01 5.000000000000000000e-01 0.000000000000000000e+00
6.925000000000000000e+01 5.000000000000000000e-01 0.000000000000000000e+00
6.975000000000000000e+01 5.000000000000000000e-01 0.000000000000000000e+00
7.025000000000000000e+01 5.000000000000000000e-01 0.000000000000000000e+00
7.075000000000000000e+01 5.000000000000000000e-01 0.000000000000000000e+00
7.125000000000000000e+01 5.000000000000000000e-01 0.000000000000000000e+00
7.175000000000000000e+01 5.000000000000000000e-01 0.000000000000000000e+00
7.225000000000000000e+01 5.000000000000000000e-01 0.000000000000000000e+00
7.275000000000000000e+01 5.000000000000000000e-01 0.000000000000000000e+00
7.325000000000000000e+01 5.000000000000000000e-01 0.000000000000000000e+00
7.375000000000000000e+01 5.000000000000000000e-01 0.000000000000000000e+00
7.425000000000000000e+01 5.000000000000000000e-01 0.000000000000000000e+00
7.475000000000000000e+01 5.000000000000000000e-01 0.000000000000000000e+00
